0  1
0.01  1
0.02  1
0.03  1
0.04  1
0.05  1
0.06  1
0.07  1
0.08  1
0.09  1
0.1  1
0.11  1
0.12  1
0.13  1
0.14  1
0.15  1
0.16  1
0.17  1
0.18  1
0.19  0.985832
0.2  0.965045
0.21  0.94448
0.22  0.924137
0.23  0.904015
0.24  0.884115
0.25  0.864436
0.26  0.844978
0.27  0.825743
0.28  0.806728
0.29  0.787935
0.3  0.769364
0.31  0.751013
0.32  0.732885
0.33  0.72692
0.34  0.72692
0.35  0.72692
0.36  0.72692
0.37  0.72692
0.38  0.72692
0.39  0.72692
0.4  0.72692
0.41  0.72692
0.42  0.72692
0.43  0.72692
0.44  0.72692
0.45  0.72692
0.46  0.72692
0.47  0.72692
0.48  0.72692
0.49  0.72692
0.5  0.72692
0.51  0.72692
0.52  0.72692
0.53  0.72692
0.54  0.72692
0.55  0.72692
0.56  0.72692
0.57  0.72692
0.58  0.72692
0.59  0.72692
0.6  0.72692
0.61  0.72692
0.62  0.72692
0.63  0.72692
0.64  0.72692
0.65  0.72692
0.66  0.72692
0.67  0.72692
0.68  0.72692
0.69  0.72692
0.7  0.72692
0.71  0.72692
0.72  0.72692
0.73  0.72692
0.74  0.72692
0.75  0.72692
0.76  0.72692
0.77  0.72692
0.78  0.72692
0.79  0.72692
0.8  0.5
0.81  0.5
0.82  0.5
0.83  0.5
0.84  0.5
0.85  0.5
0.86  0.5
0.87  0.5
0.88  0.5
0.89  0.5
0.9  0.5
0.91  0.5
0.92  0.5
0.93  0.5
0.94  0.5
0.95  0.5
0.96  0.5
0.97  0.5
0.98  0.5
0.99  0.5
1  0.5
