0     1
0.01     1
0.02     0.9999999
0.03     0.9999998
0.04     0.9999995
0.05     0.9999987
0.06     0.9999963
0.07     0.9999903
0.08     0.9999756
0.09     0.9999407
0.1     0.9998618
0.11     0.9996918
0.12     0.9993427
0.13     0.998663
0.14     0.9974109
0.15     0.9952373
0.16     0.9916918
0.17     0.9862715
0.18     0.9785137
0.19     0.9681113
0.2     0.9550028
0.21     0.9393892
0.22     0.9216616
0.23     0.9022614
0.24     0.8815083
0.25     0.8599567
0.26     0.8384534
0.27     0.8177022
0.28     0.7979644
0.29     0.7794569
0.3     0.7626232
0.31     0.7481578
0.32     0.7368179
0.33     0.7290727
0.34     0.7247573
0.35     0.7230298
0.36     0.7226926
0.37     0.7228187
0.38     0.7233858
0.39     0.7244404
0.4     0.7252208
0.41     0.7254396
0.42     0.72544
0.43     0.725389
0.44     0.7253184
0.45     0.725289
0.46     0.7252878
0.47     0.7253065
0.48     0.7253291
0.49     0.7253367
0.5     0.7253398
0.51     0.7253463
0.52     0.7253566
0.53     0.725367
0.54     0.7253724
0.55     0.7253673
0.56     0.7253569
0.57     0.7253543
0.58     0.7253549
0.59     0.7253549
0.6     0.725351
0.61     0.7253356
0.62     0.725312
0.63     0.7253056
0.64     0.7253104
0.65     0.7253131
0.66     0.7253023
0.67     0.7252536
0.68     0.7251691
0.69     0.7251211
0.7     0.725099
0.71     0.7250694
0.72     0.7249678
0.73     0.7246275
0.74     0.7243552
0.75     0.7249504
0.76     0.7283609
0.77     0.7337396
0.78     0.7276216
0.79     0.6788245
0.8     0.5724698
0.81     0.5185976
0.82     0.5044397
0.83     0.5010235
0.84     0.5002338
0.85     0.5000532
0.86     0.5000121
0.87     0.5000027
0.88     0.5000006
0.89     0.5000001
0.9     0.5
0.91     0.5
0.92     0.5
0.93     0.5
0.94     0.5
0.95     0.5
0.96     0.5
0.97     0.5
0.98     0.5
0.99     0.5
1     0.5
