0     1
0.01     1
0.02     1
0.03     1
0.04     1
0.05     0.9999999
0.06     0.9999996
0.07     0.9999988
0.08     0.9999962
0.09     0.9999898
0.1     0.9999708
0.11     0.9999287
0.12     0.9998115
0.13     0.9995897
0.14     0.9990071
0.15     0.9981038
0.16     0.995831
0.17     0.9931316
0.18     0.9863849
0.19     0.9807327
0.2     0.9660005
0.21     0.957141
0.22     0.9351926
0.23     0.9201859
0.24     0.9016763
0.25     0.8746444
0.26     0.8629072
0.27     0.8394592
0.28     0.8129463
0.29     0.803057
0.3     0.7849458
0.31     0.7533717
0.32     0.7384962
0.33     0.7463919
0.34     0.7035144
0.35     0.6645287
0.36     0.7224264
0.37     0.6982075
0.38     0.6407077
0.39     0.7718584
0.4     0.8476107
0.41     0.7099248
0.42     0.6794735
0.43     0.7770905
0.44     0.700801
0.45     0.6409283
0.46     0.8091423
0.47     0.8388155
0.48     0.6128278
0.49     0.5948646
0.5     0.8488293
0.51     0.8598151
0.52     0.5959613
0.53     0.5575443
0.54     0.8085704
0.55     0.8941172
0.56     0.6732545
0.57     0.4947434
0.58     0.6318371
0.59     0.9152682
0.6     0.8743541
0.61     0.5583917
0.62     0.4447203
0.63     0.6428685
0.64     0.9251332
0.65     0.9264767
0.66     0.6377366
0.67     0.44553
0.68     0.4715324
0.69     0.7140948
0.7     0.9781802
0.71     0.954239
0.72     0.690798
0.73     0.4941492
0.74     0.4444158
0.75     0.4942007
0.76     0.684252
0.77     0.9625682
0.78     1.06021
0.79     0.8748457
0.8     0.6417789
0.81     0.5317811
0.82     0.5052263
0.83     0.5008099
0.84     0.5001271
0.85     0.5000205
0.86     0.5000034
0.87     0.5000006
0.88     0.5000001
0.89     0.5
0.9     0.5
0.91     0.5
0.92     0.5
0.93     0.5
0.94     0.5
0.95     0.5
0.96     0.5
0.97     0.5
0.98     0.5
0.99     0.5
1     0.5
